0.1777777777777778 2 1
0.17391304347826098 3 1
0.1914893617021276 4 1
0.11363636363636354 5 1
0.04878048780487809 6 1
0.1428571428571428 7 1
0.2272727272727273 8 1
0.25 2 2
0.2749999999999999 3 2
0.2682926829268293 4 2
0.2250000000000001 5 2
0.17948717948717952 6 2
0.2195121951219512 7 2
0.20454545454545459 8 2
0.33333333333333326 2 3
0.37142857142857144 3 3
0.3999999999999999 4 3
0.36111111111111116 5 3
0.3513513513513513 6 3
0.2749999999999999 7 3
0.20454545454545459 8 3
0.36111111111111116 2 4
0.41666666666666674 3 4
0.5142857142857142 4 4
0.36111111111111116 5 4
0.25 6 4
0.21052631578947367 7 4
0.14634146341463405 8 4
0.3513513513513513 2 5
0.5 3 5
0.6111111111111112 4 5
0.36111111111111116 5 5
0.13888888888888884 6 5
0.13888888888888884 7 5
0.1351351351351351 8 5
0.34285714285714275 2 6
0.47058823529411775 3 6
0.5588235294117647 4 6
0.2777777777777777 5 6
0.026315789473684292 6 6
0.054054054054053946 7 6
0.1212121212121211 8 6
0.36363636363636354 2 7
0.46875 3 7
0.53125 4 7
0.19444444444444442 5 7
-0.050000000000000044 6 7
0.027027027027026973 7 7
0.08571428571428563 8 7
0.4411764705882353 2 8
0.37142857142857144 3 8
0.37142857142857144 4 8
0.36363636363636354 5 8
0.35483870967741926 6 8
0.43333333333333335 7 8
0.48275862068965525 8 8
0.5 2 9
0.3513513513513513 3 9
0.20512820512820507 4 9
0.5666666666666667 5 9
1.1363636363636362 6 9
1.1818181818181817 7 9
1.1304347826086958 8 9
0.5428571428571429 2 10
0.4054054054054055 3 10
0.2749999999999999 4 10
0.5806451612903225 5 10
1.1363636363636362 6 10
1.1428571428571428 7 10
1.0952380952380953 8 10
0.5428571428571429 2 11
0.44736842105263164 3 11
0.36585365853658547 4 11
0.6451612903225807 5 11
1.1363636363636362 6 11
1.15 7 11
1.1052631578947367 8 11
