0.04444444444444451 2 1
0.0 3 1
-0.021276595744680882 4 1
-0.11363636363636365 5 1
-0.19512195121951215 6 1
-0.16666666666666663 7 1
-0.15909090909090906 8 1
0.125 2 2
0.125 3 2
0.12195121951219523 4 2
0.02499999999999991 5 2
-0.07692307692307687 6 2
-0.14634146341463417 7 2
-0.20454545454545459 8 2
0.19444444444444442 2 3
0.2857142857142858 3 3
0.34285714285714275 4 3
0.19444444444444442 5 3
0.08108108108108114 6 3
-0.09999999999999998 7 3
-0.25 8 3
0.19444444444444442 2 4
0.3055555555555556 3 4
0.4571428571428571 4 4
0.3055555555555556 5 4
0.16666666666666674 6 4
0.05263157894736836 7 4
-0.04878048780487809 8 4
0.18918918918918926 2 5
0.38888888888888884 3 5
0.5555555555555556 4 5
0.38888888888888884 5 5
0.25 6 5
0.25 7 5
0.21621621621621623 8 5
0.34285714285714275 2 6
0.47058823529411775 3 6
0.5588235294117647 4 6
0.38888888888888884 5 6
0.23684210526315796 6 6
0.2702702702702702 7 6
0.5454545454545454 8 6
0.5151515151515151 2 7
0.5625 3 7
0.5625 4 7
0.36111111111111116 5 7
0.2250000000000001 6 7
0.32432432432432434 7 7
0.4285714285714286 8 7
0.47058823529411775 2 8
0.4571428571428571 3 8
0.48571428571428577 4 8
0.48484848484848486 5 8
0.5161290322580645 6 8
0.6666666666666667 7 8
0.8620689655172413 8 8
0.41666666666666674 2 9
0.4054054054054055 3 9
0.3846153846153846 4 9
0.6333333333333333 5 9
1.0454545454545454 6 9
1.3181818181818183 7 9
1.5217391304347827 8 9
0.48571428571428577 2 10
0.43243243243243246 3 10
0.3500000000000001 4 10
0.6451612903225807 5 10
1.1818181818181817 6 10
1.4761904761904763 7 10
1.6666666666666665 8 10
0.5142857142857142 2 11
0.39473684210526305 3 11
0.3170731707317074 4 11
0.7096774193548387 5 11
1.3636363636363638 6 11
1.65 7 11
1.8421052631578947 8 11
