129.75 44.83 587 2.43 0.80 -3.23 -3.50 -3.66 -4.05 24 X Y 201601020422A  
70.75 36.49 195 0.61 -0.75 0.14 0.49 0.69 -0.03 24 X Y 201601020837A  
93.47 24.71 52 0.41 -0.85 0.44 0.85 0.38 0.92 26 X Y 201601032305A  
128.54 25.85 23 1.93 -0.93 -1.01 0.50 0.89 -0.79 23 X Y 201601041353A  
120.86 19.23 31 -2.89 -0.32 3.21 0.20 3.65 1.73 23 X Y 201601041436A  
132.83 30.57 13 -0.38 -0.44 0.83 -0.05 0.36 0.25 25 X Y 201601050221A  
70.82 36.51 221 -0.17 -2.90 3.07 -0.29 5.26 6.52 23 X Y 201601080907A  
129.50 27.92 29 1.07 -1.38 0.31 1.01 -1.17 0.20 24 X Y 201601091412A  
70.87 36.59 238 0.74 -0.03 -0.71 -0.37 4.15 0.37 24 X Y 201601122005A  
91.73 32.52 23 -0.27 -0.81 1.08 -0.09 0.19 1.32 24 X Y 201601132034A  
84.11 42.11 23 4.26 -4.84 0.57 2.60 -1.62 0.58 23 X Y 201601132118A  
73.21 38.78 23 -0.43 -2.01 2.45 -1.03 -0.82 0.17 23 X Y 201601132137A  
132.75 30.70 12 -1.34 0.27 1.07 0.06 0.46 0.57 23 X Y 201601171301A  
121.28 22.76 28 -0.51 3.06 -2.55 0.37 0.47 -0.22 24 X Y 201601190213A  
101.68 37.67 14 0.87 -0.17 -0.71 0.02 0.09 0.44 25 X Y 201601201713A  
71.42 36.50 98 1.66 -1.69 0.03 0.30 1.07 -2.13 23 X Y 201601230454A  
120.87 19.48 34 3.55 0.28 -3.82 -2.00 -2.67 -2.54 23 X Y 201601290229A  
123.38 25.51 201 -3.62 0.21 3.41 -3.01 -1.86 -0.56 24 X Y 201602021419A  
107.67 53.04 22 -1.70 0.84 0.86 0.14 0.57 0.78 23 X Y 201602031827A  
120.78 19.45 35 1.90 0.16 -2.06 -1.12 -1.97 -1.52 23 X Y 201602032101A  
120.43 22.94 17 1.25 -0.48 -0.77 0.74 -4.65 2.07 25 X Y 201602051957A  
121.76 23.91 14 1.76 -0.09 -1.67 0.19 0.70 -0.44 23 X Y 201602090047A  
120.92 23.07 12 -3.49 1.73 1.76 -0.68 -0.58 -1.93 23 X Y 201602180109A  
70.80 36.53 174 0.38 0.17 -0.55 0.80 0.03 -0.37 24 X Y 201602210912A  
95.11 31.86 21 -2.14 -0.06 2.20 -0.65 -0.29 1.27 23 X Y 201602230033A  
123.35 23.78 29 0.63 -0.54 -0.09 0.42 0.44 -0.21 24 X Y 201602291947A  
131.35 31.85 43 4.27 -4.64 0.38 -1.91 2.18 2.52 23 X Y 201603030711A  
83.90 36.59 25 -0.46 -1.23 1.69 -0.02 0.27 0.71 23 X Y 201603111444A  
120.01 18.31 38 1.32 -0.63 -0.69 -0.80 -0.28 -0.93 24 X Y 201603120400A  
129.11 29.76 226 -1.86 -0.29 2.14 0.81 2.86 -0.40 24 X Y 201603140703A  
72.62 38.04 24 -0.12 -1.65 1.77 0.11 -0.26 -0.53 24 X Y 201603181611A  
126.71 26.81 13 -1.41 1.22 0.19 -0.60 0.35 1.29 23 X Y 201603182328A  
122.55 15.35 21 -1.09 0.74 0.35 -0.34 2.15 1.26 23 X Y 201604031909A  
121.91 20.00 15 0.18 2.60 -2.78 1.34 -1.49 -3.00 23 X Y 201604051621A  
70.87 36.12 101 0.55 -0.86 0.32 1.29 -0.18 -0.70 23 X Y 201604080219A  
71.16 36.85 82 1.25 -2.05 0.80 0.02 -1.08 0.58 23 X Y 201604081430A  
71.04 36.44 211 1.04 -1.11 0.08 0.30 0.20 -0.03 26 X Y 201604101028A  
122.16 24.50 67 1.24 1.24 -2.48 0.62 -0.96 -0.75 23 X Y 201604110545A  
94.78 23.02 150 2.48 -2.74 0.26 -1.30 -0.57 1.10 26 X Y 201604131355A  
130.74 32.77 15 -0.33 2.06 -1.74 0.10 -0.47 1.08 25 X Y 201604141226A  
130.74 32.81 19 -0.98 1.73 -0.75 0.29 -0.45 1.23 24 X Y 201604141307A  
130.77 32.86 27 -2.52 4.29 -1.78 1.70 -1.62 4.06 23 X Y 201604141443A  
130.69 32.71 12 0.01 0.97 -0.98 0.22 -0.12 0.58 25 X Y 201604141503A  
130.77 32.84 13 -1.66 5.06 -3.40 0.38 0.94 0.82 26 X Y 201604151625A  
131.33 33.28 17 -0.45 0.82 -0.37 0.17 0.16 -0.29 24 X Y 201604152211A  
130.68 32.87 19 -0.93 0.78 0.15 -0.20 0.38 0.41 24 X Y 201604160048A  
130.53 32.69 13 -5.71 5.68 0.02 -1.42 1.71 2.15 23 X Y 201604160702A  
121.85 22.34 21 -0.45 2.94 -2.49 -0.35 -0.80 0.93 23 X Y 201604161055A  
130.97 32.99 22 -0.67 1.84 -1.17 0.26 0.46 -0.33 23 X Y 201604161514A  
131.12 33.00 13 0.10 2.21 -2.31 0.16 -0.51 0.09 24 X Y 201604181142A  
130.16 26.55 16 -4.34 1.09 3.25 3.15 3.86 2.34 23 X Y 201604190247A  
130.54 32.55 13 0.09 0.91 -1.00 0.20 -0.28 0.34 24 X Y 201604190852A  
130.56 32.62 16 -0.08 1.96 -1.88 0.63 -0.14 2.07 23 X Y 201604191147A  
95.08 31.76 24 -1.75 0.05 1.70 -0.74 -0.10 0.97 23 X Y 201604230932A  
71.57 37.04 129 1.82 -2.89 1.07 -0.83 -1.28 0.01 23 X Y 201604242143A  
121.03 21.16 17 3.44 1.29 -4.74 0.40 -4.52 -1.29 23 X Y 201604251813A  
120.97 20.85 26 0.79 0.72 -1.50 -1.80 -0.73 -2.04 23 X Y 201604271453A  
121.69 24.17 17 1.22 -1.55 0.33 2.02 0.42 -0.38 24 X Y 201604271517A  
121.77 23.91 31 4.17 -3.12 -1.05 2.35 0.35 -0.85 23 X Y 201604271527A  
121.29 23.27 17 0.65 -1.55 0.90 1.21 -2.08 -2.33 23 X Y 201604271819A  
131.11 33.00 22 -0.75 1.41 -0.67 0.11 -0.15 0.71 23 X Y 201605050131A  
130.92 33.02 24 0.05 2.51 -2.56 0.83 -1.20 -0.30 23 X Y 201605050140A  
129.09 31.15 14 -0.90 2.02 -1.12 0.57 0.97 3.30 23 X Y 201605060511A  
119.91 19.64 17 -2.07 0.73 1.33 0.30 0.85 0.69 23 X Y 201605060640A  
129.05 31.14 12 -0.38 0.95 -0.58 0.12 0.67 1.18 24 X Y 201605070542A  
129.06 31.14 16 -0.29 1.52 -1.23 0.11 0.53 1.18 23 X Y 201605070916A  
95.12 31.87 17 -1.76 -0.09 1.85 -0.39 -0.40 1.25 24 X Y 201605110115A  
121.93 24.71 12 -4.97 4.44 0.52 2.57 0.44 4.49 24 X Y 201605120317A  
122.05 24.76 12 -3.61 3.01 0.61 0.94 0.11 1.98 24 X Y 201605120429A  
129.06 31.16 20 -0.36 1.27 -0.91 0.32 0.60 1.23 23 X Y 201605122228A  
122.12 24.78 12 -3.95 2.84 1.11 2.18 -3.10 2.56 23 X Y 201605130824A  
129.06 31.07 12 -2.34 2.89 -0.55 0.61 2.23 4.57 23 X Y 201605131905A  
122.01 24.02 32 1.74 -1.69 -0.05 1.39 0.98 -1.50 23 X Y 201605140332A  
132.08 31.69 36 2.53 -0.80 -1.73 0.58 1.12 -1.36 23 X Y 201605160850A  
99.64 26.07 19 -0.73 -2.72 3.44 -0.16 0.45 -3.00 23 X Y 201605171648A  
99.63 26.10 25 -1.41 -0.53 1.95 -0.49 0.22 -0.37 23 X Y 201605171705A  
123.65 23.54 27 1.62 -1.55 -0.08 1.37 1.28 -1.07 23 X Y 201605190415A  
87.66 28.26 23 -2.13 -0.08 2.21 0.68 -0.40 -0.26 23 X Y 201605220132A  
87.62 28.22 12 -0.89 -0.46 1.35 0.44 -0.27 -0.16 24 X Y 201605220148A  
87.60 28.22 12 -0.78 -0.07 0.84 0.10 -0.23 -0.16 24 X Y 201605220205A  
129.09 31.09 14 0.02 2.36 -2.39 -0.59 0.02 3.22 23 X Y 201605231517A  
120.56 17.41 80 0.33 0.57 -0.90 -1.25 1.46 -0.44 23 X Y 201605232357A  
130.20 26.94 14 -0.68 0.04 0.64 0.13 0.32 0.35 25 X Y 201605270344A  
126.32 24.52 37 -3.35 2.29 1.06 2.32 0.39 0.91 23 X Y 201605300947A  
122.35 25.42 250 -3.70 0.04 3.67 -0.46 2.03 -0.96 25 X Y 201605310523A  
120.27 20.55 22 -2.58 0.48 2.10 0.42 0.11 -0.48 23 X Y 201606031150A  
128.18 28.92 199 -0.53 -1.63 2.16 -2.56 -2.13 -0.47 23 X Y 201606050247A  
131.25 29.95 29 2.83 -1.32 -1.52 0.81 0.94 -1.08 23 X Y 201606080056A  
130.19 27.11 12 -1.56 0.60 0.96 0.05 0.64 0.92 23 X Y 201606080154A  
130.15 26.89 17 -2.52 1.28 1.24 0.43 0.62 0.93 23 X Y 201606080202A  
120.95 16.47 12 0.70 -0.31 -0.40 0.08 -0.33 -0.59 24 X Y 201606091954A  
130.25 26.95 12 -2.60 0.92 1.69 0.67 0.78 1.26 24 X Y 201606130421A  
130.25 26.96 12 -0.96 0.46 0.50 0.16 0.02 0.52 24 X Y 201606130427A  
130.25 26.88 12 -3.15 0.87 2.29 -0.36 -0.40 1.37 24 X Y 201606141501A  
70.27 36.06 121 -0.55 -0.76 1.31 2.82 0.76 0.77 23 X Y 201606150902A  
130.41 28.25 18 -2.09 0.57 1.52 -0.01 1.63 0.96 23 X Y 201606162142A  
121.12 20.22 35 2.08 0.36 -2.45 -0.90 -1.35 -0.73 24 X Y 201606191820A  
70.56 36.40 214 0.91 -0.91 0.01 0.91 0.23 0.00 24 X Y 201606231135A  
123.33 23.52 20 1.04 5.23 -6.27 1.96 1.45 -0.57 24 X Y 201606232105A  
73.43 39.47 17 3.43 -4.68 1.25 -3.06 -1.21 -3.21 25 X Y 201606261117A  
73.29 39.50 20 1.78 -1.97 0.19 -0.02 -0.16 -0.62 23 X Y 201606270625A  
73.42 39.50 18 2.65 -2.83 0.17 0.86 -0.18 -0.19 23 X Y 201606271928B  
73.32 39.49 22 0.61 -0.18 -0.43 0.55 -0.45 -1.92 24 X Y 201606282138A  
73.46 39.49 20 1.80 -2.19 0.38 -0.41 1.07 -0.21 23 X Y 201606290808A  
70.37 39.04 12 1.92 -0.98 -0.94 0.32 -1.56 -2.50 23 X Y 201607011458A  
129.47 29.23 13 -1.51 0.43 1.08 0.27 -0.62 0.92 23 X Y 201607040224B  
129.77 35.56 23 -0.21 1.96 -1.75 -0.04 0.04 1.90 23 X Y 201607051133A  
120.85 19.34 22 -0.47 1.07 -0.61 -0.38 -0.55 -2.51 23 X Y 201607091411A  
77.89 39.96 12 1.70 -1.59 -0.11 1.20 -0.76 -0.34 23 X Y 201607091637A  
89.77 49.93 31 2.42 -2.57 0.15 0.60 -1.06 -0.47 23 X Y 201607130645A  
123.90 23.61 20 1.85 -2.18 0.33 3.00 -1.82 -0.29 23 X Y 201607190329A  
79.26 41.58 14 1.67 -1.25 -0.42 0.39 0.34 -1.03 23 X Y 201607191232A  
120.86 19.37 39 0.65 -0.07 -0.59 -0.12 -0.31 -0.36 24 X Y 201607221131A  
120.90 20.53 28 1.94 -0.07 -1.87 0.44 -1.46 -0.41 23 X Y 201607240145A  
128.71 26.49 24 0.66 -0.25 -0.41 0.47 0.48 -0.36 24 X Y 201607251511A  
94.69 21.36 103 2.26 -3.26 1.00 -0.57 -1.32 1.09 23 X Y 201607270420A  
111.62 24.10 16 -0.82 1.35 -0.53 -1.04 -0.95 -1.46 23 X Y 201607310918A  
130.71 28.37 28 -2.01 -0.11 2.12 0.36 -0.38 0.28 23 X Y 201607311717A  
94.87 21.25 128 3.07 -2.44 -0.63 1.23 -0.77 -2.49 23 X Y 201608011001A  
86.31 34.37 17 -1.14 -0.16 1.30 -0.05 1.36 1.40 23 X Y 201608110101A  
86.23 34.36 18 -1.33 -0.60 1.93 0.22 1.60 1.45 23 X Y 201608120046A  
78.40 40.70 21 2.67 -3.28 0.61 2.20 1.08 0.62 23 X Y 201608121800A  
101.70 37.72 23 2.17 -1.08 -1.09 -0.10 0.53 1.17 23 X Y 201608130829A  
72.55 39.05 18 -1.61 -0.43 2.04 0.96 -0.80 0.20 23 X Y 201608141505A  
94.71 23.76 127 3.67 -5.22 1.55 -1.36 -2.60 2.06 23 X Y 201608230211A  
94.58 20.79 88 0.52 -0.23 -0.29 0.45 -1.60 0.05 26 X Y 201608241034A  
130.52 32.68 19 -4.24 4.28 -0.04 -1.68 2.45 0.09 23 X Y 201608311046A  
130.50 32.70 21 -1.78 1.63 0.15 -0.74 0.46 -0.07 23 X Y 201608312133A  
130.04 27.80 27 -1.85 0.94 0.91 0.20 -0.50 1.18 23 X Y 201609081100A  
82.56 29.85 22 -1.76 -0.06 1.83 0.17 -0.17 0.30 23 X Y 201609100046A  
124.41 25.20 13 -1.82 1.95 -0.14 0.18 0.18 -0.11 23 X Y 201609110508A  
129.14 35.78 22 -0.04 4.37 -4.34 1.82 0.09 3.05 23 X Y 201609121044A  
129.12 35.79 20 0.23 1.55 -1.78 0.72 -0.26 1.39 24 X Y 201609121132A  
88.06 49.90 19 0.21 -1.88 1.67 -0.13 0.16 1.42 23 X Y 201609200718A  
99.78 30.10 20 -5.81 7.08 -1.27 -0.22 -2.58 1.82 23 X Y 201609221647A  
99.75 30.08 21 -5.75 7.71 -1.95 -0.43 -1.70 0.37 23 X Y 201609221723A  
128.63 27.35 41 4.13 -1.57 -2.56 1.37 1.60 -2.20 24 X Y 201609260519A  
122.65 24.47 105 -0.09 -0.72 0.82 2.03 -0.93 1.77 23 X Y 201609280938A  
73.54 34.82 17 4.29 -1.06 -3.24 1.11 1.47 -4.42 23 X Y 201610010804A  
119.48 16.66 41 0.94 -0.02 -0.91 -0.11 -0.42 -0.34 24 X Y 201610021340A  
121.34 22.62 26 4.58 0.78 -5.37 -3.31 -0.90 -2.88 24 X Y 201610061551A  
94.95 32.79 21 -0.55 -0.25 0.80 -0.58 0.34 0.71 25 X Y 201610170714A  
71.07 36.43 107 2.70 -4.18 1.49 1.23 1.65 -0.84 23 X Y 201610200040A  
133.72 35.40 16 -0.19 1.94 -1.74 -0.15 -0.86 -2.07 25 X Y 201610210507B  
121.33 22.58 24 2.88 0.59 -3.47 -1.61 -1.12 -1.71 23 X Y 201610250445A  
94.71 22.82 118 0.61 -1.15 0.54 -1.05 -0.46 0.97 23 X Y 201610260221A  
125.04 25.63 16 -3.85 3.85 0.00 1.24 0.20 1.43 23 X Y 201610282157A  
128.59 25.66 14 -2.48 1.64 0.83 1.59 0.78 1.63 23 X Y 201611012231A  
128.82 26.40 21 -2.04 1.06 0.99 0.62 0.53 1.16 23 X Y 201611062025A  
122.34 24.04 36 7.02 -5.40 -1.62 1.62 1.02 0.53 23 X Y 201611112225A  
70.70 36.49 204 1.04 -0.86 -0.18 0.75 0.86 -0.43 24 X Y 201611151602A  
96.21 32.59 22 -0.87 -0.55 1.42 0.32 0.88 2.32 23 X Y 201611172145A  
120.87 19.17 39 2.36 -0.28 -2.08 -0.48 -0.85 -1.05 23 X Y 201611190925A  
125.24 25.21 107 0.33 0.44 -0.77 -1.44 -0.38 -0.23 23 X Y 201611221753A  
74.14 39.27 19 -0.05 -0.68 0.73 -0.12 -0.20 -0.86 26 X Y 201611251424A  
74.26 39.26 20 -0.34 -1.80 2.14 0.03 -0.34 -3.67 23 X Y 201611260923A  
86.53 27.35 35 0.56 -0.61 0.05 0.62 -0.08 0.29 24 X Y 201611272335A  
121.32 22.84 16 0.47 0.87 -1.35 0.16 0.00 -3.35 23 X Y 201611301204A  
80.38 29.57 34 1.22 -1.25 0.02 1.31 -0.49 1.10 23 X Y 201612011652A  
92.27 32.27 24 0.02 -1.05 1.03 0.09 0.20 0.78 24 X Y 201612042134A  
71.11 36.43 100 1.46 -1.69 0.24 -0.33 -0.04 -0.71 23 X Y 201612080007A  
125.83 24.92 49 2.28 -0.96 -1.32 -0.54 -0.17 1.41 23 X Y 201612080318A  
86.32 43.98 20 0.95 -1.07 0.12 -1.03 0.05 -0.01 25 X Y 201612080515A  
125.64 53.85 20 -0.56 0.45 0.11 -0.28 0.25 1.58 23 X Y 201612120231A  
90.18 38.70 25 -0.38 -2.74 3.12 0.04 -0.21 0.82 23 X Y 201612140814A  
121.30 22.85 14 0.92 1.20 -2.12 -0.01 -0.09 -2.54 23 X Y 201612151414A  
84.90 37.30 26 0.68 -1.18 0.51 -0.42 0.00 2.47 24 X Y 201612201004A  
119.47 16.25 14 5.29 0.80 -6.09 -1.12 -5.36 0.15 23 X Y 201612201351A  
119.41 16.27 12 0.45 0.12 -0.57 -0.35 -0.71 -0.04 24 X Y 201612201716A  
120.86 19.24 41 1.77 -0.22 -1.55 -0.48 -0.61 -0.87 24 X Y 201612260123A  
105.85 29.41 12 1.34 -0.93 -0.41 -0.32 0.84 -0.57 23 X Y 201612270017A  