0.1333333333333333 2 1
0.15217391304347827 3 1
0.1914893617021276 4 1
0.11363636363636354 5 1
0.04878048780487809 6 1
0.09523809523809534 7 1
0.13636363636363646 8 1
0.07499999999999996 2 2
0.2250000000000001 3 2
0.36585365853658547 4 2
0.2749999999999999 5 2
0.20512820512820507 6 2
0.1707317073170731 7 2
0.13636363636363646 8 2
0.0 2 3
0.3142857142857143 3 3
0.6000000000000001 4 3
0.5 5 3
0.4054054054054055 6 3
0.2749999999999999 7 3
0.13636363636363646 8 3
0.16666666666666674 2 4
0.3055555555555556 3 4
0.48571428571428577 4 4
0.33333333333333326 5 4
0.25 6 4
0.21052631578947367 7 4
0.14634146341463405 8 4
0.29729729729729737 2 5
0.33333333333333326 3 5
0.33333333333333326 4 5
0.19444444444444442 5 5
0.08333333333333326 6 5
0.13888888888888884 7 5
0.16216216216216206 8 5
0.05714285714285716 2 6
0.17647058823529416 3 6
0.2647058823529411 4 6
0.13888888888888884 5 6
0.026315789473684292 6 6
0.1351351351351351 7 6
0.21212121212121215 8 6
-0.18181818181818177 2 7
0.0 3 7
0.1875 4 7
0.08333333333333326 5 7
0.0 6 7
0.18918918918918926 7 7
0.3999999999999999 8 7
0.05882352941176472 2 8
0.08571428571428563 3 8
0.1428571428571428 4 8
0.21212121212121215 5 8
0.32258064516129026 6 8
0.43333333333333335 7 8
0.5862068965517242 8 8
0.25 2 9
0.16216216216216206 3 9
0.07692307692307687 4 9
0.3999999999999999 5 9
0.9090909090909092 6 9
0.9090909090909092 7 9
0.8695652173913044 8 9
0.2571428571428571 2 10
0.18918918918918926 3 10
0.125 4 10
0.4193548387096775 5 10
0.9545454545454546 6 10
1.1428571428571428 7 10
1.2380952380952381 8 10
0.22857142857142865 2 11
0.18421052631578938 3 11
0.1707317073170731 4 11
0.4838709677419355 5 11
1.0454545454545454 6 11
1.4 7 11
1.6842105263157894 8 11
