1.26366482262 0 0
1.33887698165 0 1
1.27857113703 0 2
1.08278587823 0 3
0.867365404981 0 4
0.711574171083 0 5
0.618301059279 0 6
0.566679505461 0 7
0.566198968176 0 8
0.565004051744 0 9
0.563053840201 0 10
0.560350549877 0 11
0.556945661208 0 12
0.552938479504 0 13
0.548466527507 0 14
0.543689729082 0 15
0.538772232872 0 16
0.533866040742 0 17
0.529099384313 0 18
0.524570869928 0 19
0.520348745383 0 20
1.41282186792 1 0
1.61591101691 1 1
1.54448887951 1 2
1.13394367664 1 3
0.781646139227 1 4
0.60349633207 1 5
0.570898402489 1 6
0.571315848997 1 7
0.570985660667 1 8
0.569800383056 1 9
0.56769262839 1 10
0.564653615512 1 11
0.560744638642 1 12
0.556096303673 1 13
0.550893932491 1 14
0.545352560149 1 15
0.539688647252 1 16
0.534095943887 1 17
0.528730148325 1 18
0.523703178882 1 19
0.519085048464 1 20
1.45354104429 2 0
1.93065262155 2 1
1.98681603648 2 2
0.911351374554 2 3
0.572165122935 2 4
0.574146689511 2 5
0.57560995337 2 6
0.576382296602 2 7
0.576286318967 2 8
0.575162874304 2 9
0.572901509637 2 10
0.569471918915 2 11
0.564945786496 2 12
0.559498361908 2 13
0.553385584485 2 14
0.546902983182 2 15
0.540340229503 2 16
0.53394513586 2 17
0.527904274018 2 18
0.522339632411 2 19
0.517316140255 2 20
1.15191109253 3 0
1.41870112849 3 1
0.57011328839 3 2
0.573191879975 3 3
0.576077486998 3 4
0.578621338757 3 5
0.580635302756 3 6
0.581895245527 3 7
0.582155585889 3 8
0.581179581039 3 9
0.57878581864 3 10
0.574902407539 3 11
0.569609625824 3 12
0.563148204777 3 13
0.555882172152 3 14
0.548228070541 3 15
0.540579284945 3 16
0.533252121272 3 17
0.526463918954 3 18
0.520337587311 3 19
0.514920387896 3 20
0.646691300099 4 0
0.569188376863 4 1
-0.284663893203 4 2
-0.109530715636 4 3
0.202679386785 4 4
0.34310465353 4 5
0.414421665823 4 6
0.587844228969 4 7
0.588638012484 4 8
0.587948981167 4 9
0.585477383476 4 10
0.581070601977 4 11
0.574808963488 4 12
0.567032436939 4 13
0.558277757702 4 14
0.549149470525 4 15
0.5401888422 4 16
0.531794266609 4 17
0.524204355516 4 18
0.51752271897 4 19
0.511757605676 4 20
0.56713765883 5 0
0.571119323861 5 1
0.146514971309 5 2
0.133600768369 5 3
0.240719641361 5 4
0.33709937001 5 5
0.402701932717 5 6
0.446322571621 5 7
0.475698409049 5 8
0.495261519678 5 9
0.507392105429 5 10
0.588143701773 5 11
0.580632183123 5 12
0.571103066581 5 13
0.560384118858 5 14
0.54938287865 5 15
0.538849794425 5 16
0.529268102808 5 17
0.520866484356 5 18
0.51368990377 5 19
0.511094155267 5 20
0.56824587419 6 0
0.572620292499 6 1
0.291426212874 6 2
0.273413586703 6 3
0.31005678042 6 4
0.36338200278 6 5
0.41149722384 6 6
0.449378536165 6 7
0.477658102661 6 8
0.4976800971 6 9
0.510358930161 6 10
0.516319868622 6 11
0.516385528537 6 12
0.511917748563 6 13
0.504696476777 6 14
0.548470116738 6 15
0.536095494711 6 16
0.525270217594 6 17
0.516136674031 6 18
0.51298706767 6 19
0.510127405215 6 20
0.568834408646 7 0
0.402051450037 7 1
0.364263307721 7 2
0.352052301156 7 3
0.366880072095 7 4
0.396826841642 7 5
0.430165355643 7 6
0.460716591539 7 7
0.486119770913 7 8
0.505428778841 7 9
0.517906775855 7 10
0.522932993579 7 11
0.520688295158 7 12
0.512822000779 7 13
0.502063859073 7 14
0.490973253838 7 15
0.481103148857 7 16
0.473036872219 7 17
0.472551094955 7 18
0.511898534157 7 19
0.508773784337 7 20
0.568794068081 8 0
0.428648331879 8 1
0.407705560192 8 2
0.400452220186 8 3
0.408253221173 8 4
0.426965614344 8 5
0.45088527669 8 6
0.475613188123 8 7
0.498371837691 8 8
0.517121125827 8 9
0.529663688282 8 10
0.533550815683 8 11
0.527609524111 8 12
0.514113107841 8 13
0.497964354907 8 14
0.483201238777 8 15
0.47144606873 8 16
0.470624650288 8 17
0.469667240077 8 18
0.46879160405 8 19
0.46811208239 8 20
0.568027971942 9 0
0.447974632682 9 1
0.435853821593 9 2
0.432072592859 9 3
0.437614471671 9 4
0.450970451029 9 5
0.469412116382 9 6
0.490279391434 9 7
0.51139669428 9 8
0.530626117537 9 9
0.544771009116 9 10
0.548548988541 9 11
0.537120172336 9 12
0.514023517775 9 13
0.489957179192 9 14
0.47126435582 9 15
0.46978741463 9 16
0.468080955976 9 17
0.466519941216 9 18
0.465296646916 9 19
0.464472258621 9 20
0.566464800797 10 0
0.4617647176 10 1
0.454675907447 10 2
0.453167313824 10 3
0.457949102094 10 4
0.46851648649 10 5
0.483611624452 10 6
0.5018175977 10 7
0.521867735951 10 8
0.542428348658 10 9
0.56076862821 10 10
0.568530484112 10 11
0.549216777717 10 12
0.507657514438 10 13
0.47339065828 10 14
0.470898968402 10 15
0.467885651225 10 16
0.465072418151 10 17
0.462838723691 10 18
0.461295108845 10 19
0.460399322832 10 20
0.478322354378 11 0
0.471289840191 11 1
0.467143241161 11 2
0.466965845954 11 3
0.471277229724 11 4
0.479965328969 11 5
0.49247594945 11 6
0.508115214422 11 7
0.526312079589 11 8
0.546783529349 11 9
0.569446009761 11 10
0.590705088853 11 11
0.564000682655 11 12
0.478699807466 11 13
0.475184804146 11 14
0.470170939295 11 15
0.465179701141 11 16
0.461122039685 11 17
0.458279712565 11 18
0.456568728911 11 19
0.458451373703 11 20
0.482175816022 12 0
0.477457228469 12 1
0.474958970487 12 2
0.475362285723 12 3
0.479030120664 12 4
0.485960705551 12 5
0.495855705557 12 6
0.508241683781 12 7
0.522559755352 12 8
0.538156575361 12 9
0.554147619023 12 10
0.569221854177 12 11
0.486847998317 12 12
-0.223159229844 12 13
0.123184862703 12 14
0.23246650011 12 15
0.284018733852 12 16
0.314174435324 12 17
0.334821367077 12 18
0.354487815346 12 19
0.369689775984 12 20
0.484348834185 13 0
0.480957658323 13 1
0.479249351775 13 2
0.479648970787 13 3
0.482375357797 13 4
0.487396473988 13 5
0.494422478549 13 6
0.502881563602 13 7
0.511749778672 13 8
0.518896626666 13 9
0.518737602634 13 10
0.493310619781 13 11
-0.211040695373 13 12
-0.217062087635 13 13
0.0525545845133 13 14
0.180343036041 13 15
0.245458185646 13 16
0.286691156377 13 17
0.319012756723 13 18
0.342335004729 13 19
0.360027216525 13 20
0.485084293657 14 0
0.482360080022 14 1
0.480862860694 14 2
0.48083694362 14 3
0.482371118385 14 4
0.485351803352 14 5
0.489418311624 14 6
0.493875719646 14 7
0.497466803532 14 8
0.497806559505 14 9
0.490253550544 14 10
0.500947374535 14 11
0.153414841124 14 12
0.0726834241963 14 13
0.118570520159 14 14
0.180007258119 14 15
0.2353904806 14 16
0.279752987747 14 17
0.311723592649 14 18
0.335586604974 14 19
0.354006190041 14 20
0.484655216787 15 0
0.482159007898 15 1
0.4804969018 15 2
0.479780379551 15 3
0.479991029832 15 4
0.480936960996 15 5
0.48220504111 15 6
0.483093295957 15 7
0.482513982369 15 8
0.478938904379 15 9
0.488830321307 15 10
0.501586837954 15 11
0.280828382188 15 12
0.221818583915 15 13
0.179418406638 15 14
0.21005377817 15 15
0.250560525725 15 16
0.284821523432 15 17
0.312274025774 15 18
0.334121197193 15 19
0.351674366728 15 20
0.483338588245 16 0
0.48079213776 16 1
0.478745046954 16 2
0.477212372274 16 3
0.476096374764 16 4
0.475150810766 16 5
0.473945404767 16 6
0.47183480909 16 7
0.467960940821 16 8
0.472804092665 16 9
0.478406202266 16 10
0.484719661618 16 11
0.314953335285 16 12
0.234072723009 16 13
0.232528166604 16 14
0.249241305839 16 15
0.272948377004 16 16
0.296901122627 16 17
0.318419479351 16 18
0.336899452617 16 19
0.352537772615 16 20
0.481398003578 17 0
0.478642865289 17 1
0.476110454669 17 2
0.473749423339 17 3
0.471410284785 17 4
0.468817943052 17 5
0.465546666805 17 6
0.461003083679 17 7
0.46231564622 17 8
0.463118347058 17 9
0.462109232103 17 10
0.455871611122 17 11
0.300639932566 17 12
-0.497315042488 17 13
-0.427230898472 17 14
-0.124376300507 17 15
0.0296148032167 17 16
0.118236775469 17 17
0.177056598284 17 18
0.219711905487 17 19
0.252365319414 17 20
0.479071168237 18 0
0.476037447163 18 1
0.473007979685 18 2
0.469890234753 18 3
0.4665078984 18 4
0.462580422986 18 5
0.457704539695 18 6
0.457099034587 18 7
0.455882425692 18 8
0.453157591426 18 9
0.447275766219 18 10
0.442833804952 18 11
0.326741634602 18 12
-0.0765148286162 18 13
-0.129926067552 18 14
-0.0425841469397 18 15
0.051734997206 18 16
0.123364190874 18 17
0.176376883116 18 18
0.216730228144 18 19
0.248422790817 18 20
0.476561509434 19 0
0.47324221117 19 1
0.469764914641 19 2
0.466016817399 19 3
0.4618163301 19 4
0.456899224476 19 5
0.45528123339 19 6
0.453207049247 19 7
0.450149342254 19 8
0.445302894635 19 9
0.444262959829 19 10
0.445547926973 19 11
0.345993609686 19 12
0.0759878166498 19 13
0.0338915169192 19 14
0.0538543553631 19 15
0.0996854192581 19 16
0.146915839174 19 17
0.187979570287 19 18
0.222167620393 19 19
0.250488210783 19 20
0.474033751835 20 0
0.470463308952 20 1
0.466624285884 20 2
0.462400134919 20 3
0.457621182416 20 4
0.455477207305 20 5
0.453025947437 20 6
0.449961336448 20 7
0.445858373436 20 8
0.446216420044 20 9
0.447044346231 20 10
0.448086914768 20 11
0.360911556487 20 12
0.158131517969 20 13
0.128006537697 20 14
0.128559878746 20 15
0.149149725429 20 16
0.177568924956 20 17
0.2066551898 20 18
0.233472758464 20 19
0.257217267671 20 20
