0.550146892235 0 0
0.552024590102 0 1
0.553829233026 0 2
0.555507312703 0 3
0.556993711027 0 4
0.558212261315 0 5
0.55907815255 0 6
0.559502822069 0 7
0.559401683432 0 8
0.558704348969 0 9
0.557365968804 0 10
0.555377238011 0 11
0.552770113517 0 12
0.549616913311 0 13
0.546022318972 0 14
0.542110150268 0 15
0.53800844316 0 16
0.533836501404 0 17
0.529696303308 0 18
0.525668791945 0 19
0.521814098791 0 20
0.551941644015 1 0
0.554094288268 1 1
0.556200459255 1 2
0.558201583323 1 3
0.56002313081 1 4
0.561574006682 1 5
0.56274821089 1 6
0.563430013331 1 7
0.563503685164 1 8
0.562867916627 1 9
0.561453286941 1 10
0.55923893593 1 11
0.556263076969 1 12
0.552622645554 1 13
0.548460739853 1 14
0.543945199859 1 15
0.53924498543 1 16
0.534511017336 1 17
0.529865228231 1 18
0.525397859107 1 19
0.521170526567 1 20
0.553646775917 2 0
0.556098484826 2 1
0.558541302909 2 2
0.560913532464 2 3
0.56313233562 2 4
0.565091027124 2 5
0.566658826448 2 6
0.56768523153 2 7
0.56801139799 2 8
0.567489984691 2 9
0.566012145686 2 10
0.563535893618 2 11
0.560106011731 2 12
0.555855658371 2 13
0.550986009168 2 14
0.545730149261 2 15
0.540314419057 2 16
0.534929777788 2 17
0.529718900382 2 18
0.524777157269 2 19
0.520161585149 2 20
0.55520755394 3 0
0.557976701954 3 1
0.560787327691 3 2
0.563578111697 3 3
0.566260974548 3 4
0.568715017739 3 5
0.570782450865 3 6
0.572269854901 3 7
0.572959471507 3 8
0.572635085951 3 9
0.571123366138 3 10
0.568343006208 3 11
0.564343708341 3 12
0.559313594085 3 13
0.553545026804 3 14
0.547370839949 3 15
0.541098720244 3 16
0.534968393953 3 17
0.529139473364 3 18
0.523702256641 3 19
0.518698173328 3 20
0.556558054581 4 0
0.559652869374 4 1
0.562853205058 4 2
0.566103566275 4 3
0.569316579827 4 4
0.572362179322 4 5
0.57505695375 4 6
0.577158055593 4 7
0.578369680037 4 8
0.578372948095 4 9
0.576887214032 4 10
0.573756177447 4 11
0.569026968091 4 12
0.562974035831 4 13
0.556039492106 4 14
0.548714058538 4 15
0.541421137522 4 16
0.534454313086 4 17
0.527975352187 4 18
0.522048186927 4 19
0.51668025812 4 20
0.557621942472 5 0
0.56103497497 5 1
0.564630305845 5 2
0.568365699404 5 3
0.572164071035 5 4
0.575896910826 5 5
0.579363894015 5 6
0.582272814568 5 7
0.584231072177 5 8
0.584769989305 5 9
0.583428350737 5 10
0.579902562896 5 11
0.574213000477 5 12
0.566775058714 5 13
0.558290463362 5 14
0.54950956957 5 15
0.541017814912 5 16
0.533152483885 5 17
0.526038654047 5 18
0.519673730713 5 19
0.517423244222 5 20
0.558315129888 6 0
0.562017049645 6 1
0.565986849565 6 2
0.570204262705 6 3
0.574615609223 6 4
0.579111917828 6 5
0.583496807868 6 6
0.587444592304 6 7
0.590458937025 6 8
0.591864931394 6 9
0.59089878263 6 10
0.586958623309 6 11
0.579965542541 6 12
0.570575149655 6 13
0.559970455944 6 14
0.549346002463 6 15
0.539499112003 6 16
0.530754153373 6 17
0.523112018192 6 18
0.520809560111 6 19
0.518183230451 6 20
0.558550951386 7 0
0.562484723163 7 1
0.566772774931 7 2
0.571424841099 7 3
0.576425242644 7 4
0.581708958974 7 5
0.587120109205 7 6
0.592344285267 7 7
0.59681212782 7 8
0.599603470816 7 9
0.599467544675 7 10
0.595183627588 7 11
0.586354527446 7 12
0.574064221582 7 13
0.56046744842 7 14
0.547544927761 7 15
0.536306476879 7 16
0.526883013821 7 17
0.524737355319 7 18
0.522046668632 7 19
0.51894443034 7 20
0.558248176449 8 0
0.562325369159 8 1
0.566831697799 8 2
0.571810920364 8 3
0.577296385514 8 4
0.583291543575 8 5
0.589729098679 8 6
0.596388118628 8 7
0.602735864708 8 8
0.607668667439 8 9
0.609251745404 8 10
0.604983276191 8 11
0.593455163061 8 12
0.576544522134 8 13
0.558601610012 8 14
0.543002813466 8 15
0.530696978397 8 16
0.529038776019 8 17
0.526580603036 8 18
0.523397465246 8 19
0.519678972774 8 20
0.557341481446 9 0
0.561442924632 9 1
0.56602137044 9 2
0.571150666151 9 3
0.576912951585 9 4
0.583390905916 9 5
0.590644091411 9 6
0.598644116973 9 7
0.607104863445 9 8
0.615062831431 9 9
0.620005784785 9 10
0.617016687326 9 11
0.60134653764 9 12
0.576308949643 9 13
0.552035117884 9 14
0.534041824941 9 15
0.533273446656 9 16
0.531523984348 9 17
0.528698179487 9 18
0.524876319281 9 19
0.52033729255 9 20
0.555792949794 10 0
0.559775679834 10 1
0.56424123611 10 2
0.569279181154 10 3
0.575002076137 10 4
0.581551610596 10 5
0.589102956148 10 6
0.597855946192 10 7
0.607967340462 10 8
0.619240183486 10 9
0.629849692943 10 10
0.632156127114 10 11
0.610110692553 10 12
0.568517942839 10 13
0.536266399979 10 14
0.536684442224 10 15
0.536182427771 10 16
0.534420661205 10 17
0.531173205561 10 18
0.526499944152 10 19
0.520828733761 10 20
0.55360208752 11 0
0.557313094589 11 1
0.561461173882 11 2
0.566128418735 11 3
0.571421604866 11 4
0.57748398661 11 5
0.584515440442 11 6
0.592808644493 11 7
0.602815826499 11 8
0.615258718441 11 9
0.631089515406 11 10
0.647811161966 11 11
0.619835123325 11 12
0.536852918577 11 13
0.538414885927 11 14
0.539423937615 11 15
0.539423421005 11 16
0.537830642634 11 17
0.534135302122 11 18
0.528287871671 11 19
0.520978987763 11 20
0.550811328967 12 0
0.554106172915 12 1
0.557741443774 12 2
0.5617665389 12 3
0.566240171704 12 4
0.571232516795 12 5
0.57682791614 12 6
0.583128290764 12 7
0.590257419141 12 8
0.598366229894 12 9
0.607639161244 12 10
0.618301349174 12 11
0.53572059987 12 12
-0.169104335051 12 13
0.186651219054 12 14
0.306322304304 12 15
0.366111368205 12 16
0.400432776617 12 17
0.41994870859 12 18
0.42924778775 12 19
0.432037652193 12 20
0.547504651409 13 0
0.550266589601 13 1
0.553233798293 13 2
0.556404998344 13 3
0.559761217533 13 4
0.563247975933 13 5
0.566737852511 13 6
0.569945749457 13 7
0.572216514251 13 8
0.571913521612 13 9
0.564310276642 13 10
0.533262185505 13 11
-0.171398692093 13 12
-0.168731479005 13 13
0.116937852489 13 14
0.261140365414 13 15
0.338195413862 13 16
0.383287537514 13 17
0.40876671048 13 18
0.419315459235 13 19
0.420419410825 13 20
0.54379879944 14 0
0.545953164634 14 1
0.548159967133 14 2
0.550363074869 14 3
0.552462065201 14 4
0.554277927632 14 5
0.555487239049 14 6
0.555489911892 14 7
0.553132616384 14 8
0.54613043945 14 9
0.530081559375 14 10
0.532285347251 14 11
0.181220489048 14 12
0.113333884296 14 13
0.187250839672 14 14
0.272426600357 14 15
0.336003429165 14 16
0.380274898161 14 17
0.407550613204 14 18
0.414813811611 14 19
0.408380367599 14 20
0.539829022617 15 0
0.54134905045 15 1
0.542773697007 15 2
0.544001673816 15 3
0.544871808792 15 4
0.545125411873 15 5
0.544343048254 15 6
0.541840658605 15 7
0.536515964343 15 8
0.526708701138 15 9
0.528494928279 15 10
0.530497744536 15 11
0.297063377601 15 12
0.252524197871 15 13
0.266438068277 15 14
0.306323647325 15 15
0.348480878266 15 16
0.385561901427 15 17
0.415107659098 15 18
0.415694532006 15 19
0.393449663109 15 20
0.53573296068 16 0
0.536636421021 16 1
0.537319695029 16 2
0.537654289497 16 3
0.53745053076 16 4
0.536428609276 16 5
0.534179294278 16 6
0.530120378988 16 7
0.523481549561 16 8
0.524837216906 16 9
0.526313765787 16 10
0.527926006907 16 11
0.352914395458 16 12
0.323656382899 16 13
0.321630909251 16 14
0.338130506481 16 15
0.36195698652 16 16
0.386422608517 16 17
0.408906677931 16 18
0.380335775492 16 19
-0.372586498358 16 20
0.531636514501 17 0
0.531975571561 17 1
0.532002391539 17 2
0.531580259578 17 3
0.530520792755 17 4
0.528568342613 17 5
0.525386980074 17 6
0.520564019712 17 7
0.521549802064 17 8
0.522579176274 17 9
0.523641396539 17 10
0.52471529756 17 11
0.384339214326 17 12
0.363521432492 17 13
0.356698409728 17 14
0.361091381901 17 15
0.370962157712 17 16
0.379849297156 17 17
0.377476795392 17 18
0.385334035483 17 19
-0.307655432069 17 20
0.527644290645 18 0
0.527492500885 18 1
0.526970754992 18 2
0.52594899672 18 3
0.524259791951 18 4
0.521694367276 18 5
0.518007275977 18 6
0.51870181641 18 7
0.519389428719 18 8
0.520047175275 18 9
0.520638234407 18 10
0.521102713008 18 11
0.403489848897 18 12
0.387404986754 18 13
0.378898159239 18 14
0.376757711568 18 15
0.377651670698 18 16
0.376985045098 18 17
0.382148869802 18 18
0.391854256995 18 19
-0.00918699064631 18 20
0.52383534501 19 0
0.523275339241 19 1
0.522317862887 19 2
0.520848449821 19 3
0.518729358217 19 4
0.515802911037 19 5
0.516278264542 19 6
0.516717836034 19 7
0.517095397379 19 8
0.517372021252 19 9
0.517489241766 19 10
0.517357901433 19 11
0.415824355742 19 12
0.402578514951 19 13
0.393560431739 19 14
0.38812266961 19 15
0.384409422247 19 16
0.385334035483 19 17
0.391854256995 19 18
0.398984745545 19 19
0.136818261083 19 20
0.520263407682 20 0
0.519377376044 20 1
0.518089744871 20 2
0.516305235798 20 3
0.513916591393 20 4
0.514230923888 20 5
0.514495175025 20 6
0.514684283613 20 7
0.514763017958 20 8
0.514681465803 20 9
0.514368324862 20 10
0.513720942099 20 11
0.424202464316 20 12
0.412856605837 20 13
0.403950540974 20 14
0.397157712935 20 15
0.393933982822 20 16
0.396714739827 20 17
0.401005050634 20 18
0.406136267984 20 19
0.215411656374 20 20
