0.563710541835 0 0
0.566416286239 0 1
0.568987426044 0 2
0.57131749255 0 3
0.573275050132 0 4
0.574706765707 0 5
0.575446600066 0 6
0.575332773332 0 7
0.574232185942 0 8
0.572068442791 0 9
0.568845708055 0 10
0.564658951912 0 11
0.559684291893 0 12
0.554150775498 0 13
0.548302886507 0 14
0.542366142605 0 15
0.536524821268 0 16
0.53091416287 0 17
0.525623791236 0 18
0.520706875828 0 19
0.516190300272 0 20
0.566299759381 1 0
0.569466587489 1 1
0.572549197298 1 2
0.57542821962 1 3
0.577947361947 1 4
0.579913329167 1 5
0.581104105598 1 6
0.58128983475 1 7
0.580268250736 1 8
0.577910508941 1 9
0.574204510802 1 10
0.569276910854 1 11
0.563379262607 1 12
0.556839529622 1 13
0.549997772567 1 14
0.543150923645 1 15
0.536522703886 1 16
0.530259782209 1 17
0.524444963388 1 18
0.519116179276 1 19
0.514283491688 1 20
0.568728877963 2 0
0.572402940316 2 1
0.576068445451 2 2
0.579598113795 2 3
0.582812720466 2 4
0.585474283187 2 5
0.587289229947 2 6
0.587930551433 2 7
0.587086954815 2 8
0.58453782737 2 9
0.580234078713 2 10
0.574346722502 2 11
0.567248033875 2 12
0.559424014571 2 13
0.551358748063 2 14
0.543443758809 2 15
0.535940834918 2 16
0.528992293076 2 17
0.522654883315 2 18
0.516935464348 2 19
0.514669622217 2 20
0.570889467618 3 0
0.575102738156 3 1
0.579413046358 3 2
0.58369526682 3 3
0.58775567985 3 4
0.591313082503 3 5
0.593988547288 3 6
0.59532015958 3 7
0.59482432161 3 8
0.592115920582 3 9
0.587062716284 3 10
0.579896651645 3 11
0.571192638618 3 12
0.561700878786 3 13
0.552127153809 3 14
0.54298198694 3 15
0.534546633103 3 16
0.526922581058 3 17
0.520106477947 3 18
0.517610419787 3 19
0.514998281822 3 20
0.57264897615 4 0
0.577407191418 4 1
0.58239943003 4 2
0.587519246029 4 3
0.592577303739 4 4
0.597264197118 4 5
0.601113172404 4 6
0.603486559264 4 7
0.603632331263 4 8
0.600864343877 4 9
0.594860692918 4 10
0.585930542005 4 11
0.575009371209 4 12
0.56331337192 4 13
0.551894194666 4 14
0.541390659221 4 15
0.532041555726 4 16
0.523832811223 4 17
0.521182074659 4 18
0.51827067139 4 19
0.515234063563 4 20
0.573854253144 5 0
0.57912181148 5 1
0.584786431383 5 2
0.590782931001 5 3
0.596958693716 5 4
0.603014692073 5 5
0.60842466366 5 6
0.6123537069 5 7
0.613652656294 5 8
0.611079785485 5 9
0.603867089049 5 10
0.592392768409 5 11
0.578282918462 5 12
0.563629660799 5 13
0.550017998154 5 14
0.538152680969 5 15
0.528068998117 5 16
0.525436044892 5 17
0.52232112599 5 18
0.518887322485 5 19
0.515323992811 5 20
0.574341274922 6 0
0.580025401041 6 1
0.5862793573 6 2
0.593103351044 6 3
0.60042490586 6 4
0.608024564022 6 5
0.615404855939 6 6
0.621590041513 6 7
0.624922656889 6 8
0.623160894113 6 9
0.614447022251 6 10
0.599082350632 6 11
0.580150284281 6 12
0.56151733787 6 13
0.545515360316 6 14
0.532606907194 6 15
0.530304385481 6 16
0.527225479358 6 17
0.523516796892 6 18
0.5194132223 6 19
0.515187532185 6 20
0.573952684409 7 0
0.579891757324 7 1
0.586553270083 7 2
0.594017901256 7 3
0.6023331965 7 4
0.611447371683 7 5
0.62105756648 7 6
0.630283355739 7 7
0.637070462358 7 8
0.63758357434 7 9
0.627230841749 7 10
0.605413108861 7 11
0.578729691135 7 12
0.554948030345 7 13
0.536987188035 7 14
0.535469159756 7 15
0.532879063979 7 16
0.529239305545 7 17
0.524752322538 7 18
0.519770036823 7 19
0.51469979648 7 20
0.572562755416 8 0
0.578525964227 8 1
0.585303436678 8 2
0.593047501645 8 3
0.601932095337 8 4
0.612127781457 8 5
0.623708753533 8 6
0.636347964658 8 7
0.648386207766 8 8
0.654488948375 8 9
0.643510319165 8 10
0.609588033149 8 11
0.569633630521 8 12
0.540491308225 8 13
0.540229592204 8 14
0.538776429462 8 15
0.53588696926 8 16
0.531530831137 8 17
0.525991671624 8 18
0.519823819071 8 19
0.51366264035 8 20
0.570105818262 9 0
0.575810979793 9 1
0.582321589239 9 2
0.58981884254 9 3
0.59854477703 9 4
0.608827703815 9 5
0.6211096843 9 6
0.635924249005 9 7
0.653485227893 9 8
0.6707473601 9 9
0.666534526659 9 10
0.604567288457 9 11
0.542345373299 9 12
0.543552520707 9 13
0.543815281503 9 14
0.54261570773 9 15
0.539464281319 9 16
0.534179571301 9 17
0.527159420844 9 18
0.519335999602 9 19
0.511753993413 9 20
0.566600228689 10 0
0.571751403721 10 1
0.577577780403 10 2
0.584220718887 10 3
0.591870808095 10 4
0.600798038453 10 5
0.611413520287 10 6
0.624414276571 10 7
0.641185307168 10 8
0.665098965097 10 9
0.698855105229 10 10
0.542118044124 10 11
0.544518899123 10 12
0.546530453481 10 13
0.547640588982 10 14
0.547054827509 10 15
0.543813071081 10 16
0.537315559324 10 17
0.528092802755 10 18
0.517857999988 10 19
0.508439960706 10 20
0.562158280212 11 0
0.566495351176 11 1
0.571269287675 11 2
0.576516562971 11 3
0.58225582442 11 4
0.588456749426 11 5
0.594960126078 11 6
0.601246817557 11 7
0.60562429473 11 8
0.601209211784 11 9
0.539988870605 11 10
-0.457057211923 11 11
-0.0196629542539 11 12
0.222645494369 11 13
0.325088021988 11 14
0.379566767289 11 15
0.410122824533 11 16
0.424716062585 11 17
0.428288924187 11 18
0.426708686819 11 19
0.424703699705 11 20
0.556975625165 12 0
0.560319627915 12 1
0.563800933889 12 2
0.567322930478 12 3
0.5706878191 12 4
0.573494407432 12 5
0.574908306925 12 6
0.573101442511 12 7
0.563782571957 12 8
0.536600999288 12 9
0.539483950006 12 10
-0.0229683380512 12 11
0.0749116075661 12 12
0.217461487816 12 13
0.31028150924 12 14
0.368409705572 12 15
0.403711372086 12 16
0.419195897361 12 17
0.418283004106 12 18
0.412365407414 12 19
0.415911626021 12 20
0.551301494059 13 0
0.553579263702 13 1
0.555695161888 13 2
0.55743918216 13 3
0.558449197172 13 4
0.558091647801 13 5
0.555240787502 13 6
0.547892606875 13 7
0.532676849427 13 8
0.535129332736 13 9
0.537912209198 13 10
0.214743184007 13 11
0.212034659712 13 12
0.266260880774 13 13
0.324803916479 13 14
0.37288899349 13 15
0.40850672868 13 16
0.423091930628 13 17
0.407173569748 13 18
0.400914973337 13 19
0.412069623065 13 20
0.545399079413 14 0
0.546640253234 14 1
0.547472338549 14 2
0.54762232205 14 3
0.546664504832 14 4
0.543937812152 14 5
0.538438939004 14 6
0.52875202432 14 7
0.53067078939 14 8
0.532807198094 14 9
0.535203676617 14 10
0.311644155214 14 11
0.297205810131 14 12
0.315358034521 14 13
0.347089241369 14 14
0.380763960337 14 15
0.413233894778 14 16
0.440665393908 14 17
0.386450005941 14 18
0.399582468944 14 19
0.410318164337 14 20
0.539508714551 15 0
0.539820757696 15 1
0.53955479944 15 2
0.538428227487 15 3
0.536040345258 15 4
0.531840567306 15 5
0.525123995913 15 6
0.526549527381 15 7
0.528081912919 15 8
0.529723814815 15 9
0.531471649716 15 10
0.360843526213 15 11
0.346627190299 15 12
0.350217026828 15 13
0.364394429246 15 14
0.381548785377 15 15
0.394197687925 15 16
0.375549206511 15 17
-0.5 15 18
-0.151372600978 15 19
0.0792858929978 15 20
0.533823310507 16 0
0.533357477697 16 1
0.532224089679 16 2
0.530168698442 16 3
0.526863628131 16 4
0.521912702428 16 5
0.522936396181 16 6
0.523987811296 16 7
0.525046316368 16 8
0.526075381 16 9
0.527010437417 16 10
0.388632315753 16 11
0.375733224597 16 12
0.372494282983 16 13
0.375416418091 16 14
0.378938937944 16 15
0.375216609379 16 16
0.382961636217 16 17
-0.149934103927 16 18
-0.0516839372757 16 19
0.083550734365 16 20
0.528478901693 17 0
0.527399136255 17 1
0.525626807086 17 2
0.522953464227 17 3
0.519135669334 17 4
0.519851918275 17 5
0.520547665748 17 6
0.521193325433 17 7
0.521742686661 17 8
0.522122755899 17 9
0.522216197286 17 10
0.40536534864 17 11
0.393517612476 17 12
0.386858243619 17 13
0.383400161711 17 14
0.379741393081 17 15
0.382961636217 17 16
0.391214341356 17 17
0.0883170326626 17 18
0.0864818721067 17 19
0.138128200648 17 20
0.523557470404 18 0
0.522018621766 18 1
0.519806636716 18 2
0.516761672325 18 3
0.517250259311 18 4
0.517692385913 18 5
0.51805756822 18 6
0.518301351762 18 7
0.518358344601 18 8
0.518131333893 18 9
0.517474166943 18 10
0.416043710936 18 11
0.405080800871 18 12
0.3969367043 18 13
0.390531577837 18 14
0.389081289226 18 15
0.3937296167 18 16
0.399497513334 18 17
0.192012224816 18 18
0.177996820828 18 19
0.195168395561 18 20
0.519096778976 19 0
0.517232952378 19 1
0.514741464667 19 2
0.515064341921 19 3
0.515328918811 19 4
0.515507393885 19 5
0.515561204245 19 6
0.515436592067 19 7
0.515058251132 19 8
0.514320331899 19 9
0.513074139199 19 10
0.423333933827 19 11
0.413242075741 19 12
0.404763152949 19 13
0.399582468944 19 14
0.400622830752 19 15
0.403419561594 19 16
0.407365923862 19 17
0.25024842838 19 18
0.236939426859 19 19
0.241261317724 19 20
0.515102365018 20 0
0.513023096588 20 1
0.513226465164 20 2
0.513368006971 20 3
0.513423766787 20 4
0.51336180284 20 5
0.513139440101 20 6
0.512699614561 20 7
0.511966140426 20 8
0.510837928368 20 9
0.509182796304 20 10
0.428699735829 20 11
0.4195003876 20 12
0.412069623065 20 13
0.410318164337 20 14
0.410411810528 20 15
0.411978408981 20 16
0.414613520762 20 17
0.288226791357 20 18
0.277181473135 20 19
0.276664815758 20 20
0.550146892235 0 0
0.552024590102 0 1
0.553829233026 0 2
0.555507312703 0 3
0.556993711027 0 4
0.558212261315 0 5
0.55907815255 0 6
0.559502822069 0 7
0.559401683432 0 8
0.558704348969 0 9
0.557365968804 0 10
0.555377238011 0 11
0.552770113517 0 12
0.549616913311 0 13
0.546022318972 0 14
0.542110150268 0 15
0.53800844316 0 16
0.533836501404 0 17
0.529696303308 0 18
0.525668791945 0 19
0.521814098791 0 20
0.551941644015 1 0
0.554094288268 1 1
0.556200459255 1 2
0.558201583323 1 3
0.56002313081 1 4
0.561574006682 1 5
0.56274821089 1 6
0.563430013331 1 7
0.563503685164 1 8
0.562867916627 1 9
0.561453286941 1 10
0.55923893593 1 11
0.556263076969 1 12
0.552622645554 1 13
0.548460739853 1 14
0.543945199859 1 15
0.53924498543 1 16
0.534511017336 1 17
0.529865228231 1 18
0.525397859107 1 19
0.521170526567 1 20
0.553646775917 2 0
0.556098484826 2 1
0.558541302909 2 2
0.560913532464 2 3
0.56313233562 2 4
0.565091027124 2 5
0.566658826448 2 6
0.56768523153 2 7
0.56801139799 2 8
0.567489984691 2 9
0.566012145686 2 10
0.563535893618 2 11
0.560106011731 2 12
0.555855658371 2 13
0.550986009168 2 14
0.545730149261 2 15
0.540314419057 2 16
0.534929777788 2 17
0.529718900382 2 18
0.524777157269 2 19
0.520161585149 2 20
0.55520755394 3 0
0.557976701954 3 1
0.560787327691 3 2
0.563578111697 3 3
0.566260974548 3 4
0.568715017739 3 5
0.570782450865 3 6
0.572269854901 3 7
0.572959471507 3 8
0.572635085951 3 9
0.571123366138 3 10
0.568343006208 3 11
0.564343708341 3 12
0.559313594085 3 13
0.553545026804 3 14
0.547370839949 3 15
0.541098720244 3 16
0.534968393953 3 17
0.529139473364 3 18
0.523702256641 3 19
0.518698173328 3 20
0.556558054581 4 0
0.559652869374 4 1
0.562853205058 4 2
0.566103566275 4 3
0.569316579827 4 4
0.572362179322 4 5
0.57505695375 4 6
0.577158055593 4 7
0.578369680037 4 8
0.578372948095 4 9
0.576887214032 4 10
0.573756177447 4 11
0.569026968091 4 12
0.562974035831 4 13
0.556039492106 4 14
0.548714058538 4 15
0.541421137522 4 16
0.534454313086 4 17
0.527975352187 4 18
0.522048186927 4 19
0.51668025812 4 20
0.557621942472 5 0
0.56103497497 5 1
0.564630305845 5 2
0.568365699404 5 3
0.572164071035 5 4
0.575896910826 5 5
0.579363894015 5 6
0.582272814568 5 7
0.584231072177 5 8
0.584769989305 5 9
0.583428350737 5 10
0.579902562896 5 11
0.574213000477 5 12
0.566775058714 5 13
0.558290463362 5 14
0.54950956957 5 15
0.541017814912 5 16
0.533152483885 5 17
0.526038654047 5 18
0.519673730713 5 19
0.517423244222 5 20
0.558315129888 6 0
0.562017049645 6 1
0.565986849565 6 2
0.570204262705 6 3
0.574615609223 6 4
0.579111917828 6 5
0.583496807868 6 6
0.587444592304 6 7
0.590458937025 6 8
0.591864931394 6 9
0.59089878263 6 10
0.586958623309 6 11
0.579965542541 6 12
0.570575149655 6 13
0.559970455944 6 14
0.549346002463 6 15
0.539499112003 6 16
0.530754153373 6 17
0.523112018192 6 18
0.520809560111 6 19
0.518183230451 6 20
0.558550951386 7 0
0.562484723163 7 1
0.566772774931 7 2
0.571424841099 7 3
0.576425242644 7 4
0.581708958974 7 5
0.587120109205 7 6
0.592344285267 7 7
0.59681212782 7 8
0.599603470816 7 9
0.599467544675 7 10
0.595183627588 7 11
0.586354527446 7 12
0.574064221582 7 13
0.56046744842 7 14
0.547544927761 7 15
0.536306476879 7 16
0.526883013821 7 17
0.524737355319 7 18
0.522046668632 7 19
0.51894443034 7 20
0.558248176449 8 0
0.562325369159 8 1
0.566831697799 8 2
0.571810920364 8 3
0.577296385514 8 4
0.583291543575 8 5
0.589729098679 8 6
0.596388118628 8 7
0.602735864708 8 8
0.607668667439 8 9
0.609251745404 8 10
0.604983276191 8 11
0.593455163061 8 12
0.576544522134 8 13
0.558601610012 8 14
0.543002813466 8 15
0.530696978397 8 16
0.529038776019 8 17
0.526580603036 8 18
0.523397465246 8 19
0.519678972774 8 20
0.557341481446 9 0
0.561442924632 9 1
0.56602137044 9 2
0.571150666151 9 3
0.576912951585 9 4
0.583390905916 9 5
0.590644091411 9 6
0.598644116973 9 7
0.607104863445 9 8
0.615062831431 9 9
0.620005784785 9 10
0.495855705557 12 6
0.508241683781 12 7
0.522559755352 12 8
0.538156575361 12 9
0.554147619023 12 10
0.569221854177 12 11
0.486847998317 12 12
-0.223159229844 12 13
0.123184862703 12 14
0.23246650011 12 15
0.284018733852 12 16
0.314174435324 12 17
0.334821367077 12 18
0.354487815346 12 19
0.369689775984 12 20
0.484348834185 13 0
0.480957658323 13 1
0.479249351775 13 2
0.479648970787 13 3
0.482375357797 13 4
0.487396473988 13 5
0.494422478549 13 6
0.502881563602 13 7
0.511749778672 13 8
0.518896626666 13 9
0.518737602634 13 10
0.493310619781 13 11
-0.211040695373 13 12
-0.217062087635 13 13
0.0525545845133 13 14
0.180343036041 13 15
0.245458185646 13 16
0.286691156377 13 17
0.319012756723 13 18
0.342335004729 13 19
0.360027216525 13 20
0.485084293657 14 0
0.482360080022 14 1
0.480862860694 14 2
0.48083694362 14 3
0.482371118385 14 4
0.485351803352 14 5
0.489418311624 14 6
0.493875719646 14 7
0.497466803532 14 8
0.497806559505 14 9
0.490253550544 14 10
0.500947374535 14 11
0.153414841124 14 12
0.0726834241963 14 13
0.118570520159 14 14
0.180007258119 14 15
0.2353904806 14 16
0.279752987747 14 17
0.311723592649 14 18
0.335586604974 14 19
0.354006190041 14 20
0.484655216787 15 0
0.482159007898 15 1
0.4804969018 15 2
0.479780379551 15 3
0.479991029832 15 4
0.480936960996 15 5
0.48220504111 15 6
0.483093295957 15 7
0.482513982369 15 8
0.478938904379 15 9
0.488830321307 15 10
0.501586837954 15 11
0.280828382188 15 12
0.221818583915 15 13
0.179418406638 15 14
0.21005377817 15 15
0.250560525725 15 16
0.284821523432 15 17
0.312274025774 15 18
0.334121197193 15 19
0.351674366728 15 20
0.483338588245 16 0
0.48079213776 16 1
0.478745046954 16 2
0.477212372274 16 3
0.476096374764 16 4
0.475150810766 16 5
0.473945404767 16 6
0.47183480909 16 7
0.467960940821 16 8
0.472804092665 16 9
0.478406202266 16 10
0.484719661618 16 11
0.314953335285 16 12
0.234072723009 16 13
0.232528166604 16 14
0.249241305839 16 15
0.272948377004 16 16
0.296901122627 16 17
0.318419479351 16 18
0.336899452617 16 19
0.352537772615 16 20
0.481398003578 17 0
0.478642865289 17 1
0.476110454669 17 2
0.473749423339 17 3
0.471410284785 17 4
0.468817943052 17 5
0.465546666805 17 6
0.461003083679 17 7
0.46231564622 17 8
0.463118347058 17 9
0.462109232103 17 10
0.455871611122 17 11
0.300639932566 17 12
-0.497315042488 17 13
-0.427230898472 17 14
-0.124376300507 17 15
0.0296148032167 17 16
0.118236775469 17 17
0.177056598284 17 18
0.219711905487 17 19
0.252365319414 17 20
0.479071168237 18 0
0.476037447163 18 1
0.473007979685 18 2
0.469890234753 18 3
0.4665078984 18 4
0.462580422986 18 5
0.457704539695 18 6
0.457099034587 18 7
0.455882425692 18 8
0.453157591426 18 9
0.447275766219 18 10
0.442833804952 18 11
0.326741634602 18 12
-0.0765148286162 18 13
-0.129926067552 18 14
-0.0425841469397 18 15
0.051734997206 18 16
0.123364190874 18 17
0.176376883116 18 18
0.216730228144 18 19
0.248422790817 18 20
0.476561509434 19 0
0.47324221117 19 1
0.469764914641 19 2
0.466016817399 19 3
0.4618163301 19 4
0.456899224476 19 5
0.45528123339 19 6
0.453207049247 19 7
0.450149342254 19 8
0.445302894635 19 9
0.444262959829 19 10
0.445547926973 19 11
0.345993609686 19 12
0.0759878166498 19 13
0.0338915169192 19 14
0.0538543553631 19 15
0.0996854192581 19 16
0.146915839174 19 17
0.187979570287 19 18
0.222167620393 19 19
0.250488210783 19 20
0.474033751835 20 0
0.470463308952 20 1
0.466624285884 20 2
0.462400134919 20 3
0.457621182416 20 4
0.455477207305 20 5
0.453025947437 20 6
0.449961336448 20 7
0.445858373436 20 8
0.446216420044 20 9
0.447044346231 20 10
0.448086914768 20 11
0.360911556487 20 12
0.158131517969 20 13
0.128006537697 20 14
0.128559878746 20 15
0.149149725429 20 16
0.177568924956 20 17
0.2066551898 20 18
0.233472758464 20 19
0.257217267671 20 20
0.423721484654 4 16
0.427407963199 4 17
0.42998868066 4 18
0.432014072963 4 19
0.433800788857 4 20
0.734727097525 5 0
0.761268045523 5 1
0.79237315185 5 2
0.828846316966 5 3
0.87125957647 5 4
0.919183174167 5 5
0.969482562867 5 6
1.01469699519 5 7
0.68794985618 5 8
-0.219297145904 5 9
0.160825232886 5 10
0.267631533203 5 11
0.334961097193 5 12
0.371884078328 5 13
0.393156924707 5 14
0.405625837327 5 15
0.413100748096 5 16
0.417853972928 5 17
0.421221546068 5 18
0.423944324923 5 19
0.428542256191 5 20
0.722781669987 6 0
0.74677395704 6 1
0.774477328974 6 2
0.806209737543 6 3
0.841453845189 6 4
0.876534498472 6 5
0.895547462095 6 6
0.832957430637 6 7
0.712360655605 6 8
-0.0587680386542 6 9
0.115418494102 6 10
0.25052966877 6 11
0.322443083632 6 12
0.362384728504 6 13
0.384803616386 6 14
0.397384409006 6 15
0.404682457786 6 16
0.409384359767 6 17
0.41295110704 6 18
0.418467885752 6 19
0.425486821628 6 20
0.705506100131 7 0
0.725140380667 7 1
0.746846578731 7 2
0.770155665396 7 3
0.793469208717 7 4
0.812370630601 7 5
0.815540905007 7 6
0.795971387709 7 7
0.741628070428 7 8
0.18917478006 7 9
0.224646138964 7 10
0.28901914196 7 11
0.337720548648 7 12
0.367934685291 7 13
0.384652586514 7 14
0.393353075115 7 15
0.398226947911 7 16
0.401738407103 7 17
0.407654608 7 18
0.41630869045 7 19
0.42352090122 7 20
0.684159080851 8 0
0.698272246454 8 1
0.712440649762 8 2
0.725352315923 8 3
0.73444597498 8 4
0.735152261801 8 5
0.720919829683 8 6
0.740214389611 8 7
0.567090008465 8 8
-0.375704200837 8 9
-0.0297656318034 8 10
0.109765787377 8 11
0.192645271305 8 12
0.243110057598 8 13
0.272663273787 8 14
0.290808981697 8 15
0.304073841121 8 16
0.318533428783 8 17
0.336459812492 8 18
0.351287492661 8 19
0.363731935719 8 20
0.6603843462 9 0
0.668625636772 9 1
0.674984960787 9 2
0.677432120199 9 3
0.672415966352 9 4
0.653614224633 9 5
0.623571100301 9 6
0.563041993373 9 7
-0.138039402269 9 8
-0.303274337792 9 9
-0.0320242796997 9 10
0.115305654267 9 11
0.198793218903 9 12
0.243551656957 9 13
0.264339347194 9 14
0.276166917478 9 15
0.290618826878 9 16
0.312989946605 9 17
0.331325333479 9 18
0.34657694249 9 19
0.359429856304 9 20
0.635883951677 10 0
0.638669016218 10 1
0.63812238973 10 2
0.631903683474 10 3
0.616232184522 10 4
0.584948898187 10 5
0.555996276613 10 6
0.561747425091 10 7
0.214903938928 10 8
0.151957007926 10 9
0.0833709635605 10 10
0.168967342747 10 11
0.23290119245 10 12
0.259925558044 10 13
0.259107288695 10 14
0.264047841179 10 15
0.290031436932 10 16
0.311417392776 10 17
0.329231491743 10 18
0.344235545716 10 19
0.357002681138 10 20
0.612122105691 11 0
0.610400847012 11 1
0.60459098445 11 2
0.592548128526 11 3
0.571231555912 11 4
0.54800336266 11 5
0.552517188533 11 6
0.557812334624 11 7
0.328433232328 11 8
0.289023270604 11 9
0.189581629974 11 10
0.232542187061 11 11
0.282878753676 11 12
0.287865918355 11 13
0.244246253668 11 14
0.271150625814 11 15
0.293980483726 11 16
0.313373703842 11 17
0.32991687114 11 18
0.344108658596 11 19
0.356359752204 11 20
0.590141780176 12 0
0.585080986378 12 1
0.575808316363 12 2
0.560680186267 12 3
0.540424344723 12 4
0.543595537322 12 5
0.54715506899 12 6
0.55116903533 12 7
0.378941521077 12 8
0.3529295901 12 9
0.254402212429 12 10
0.269264196355 12 11
0.296717306446 12 12
0.238174209674 12 13
-0.474812236152 12 14
-0.0856289218994 12 15
0.056044763323 12 16
0.134181846402 12 17
0.18575252174 12 18
0.223254425167 12 19
0.252180230064 12 20
0.570526978529 13 0
0.563240652972 13 1
0.552037471342 13 2
0.535815446448 13 3
0.535922498978 13 4
0.538101323726 13 5
0.54031622554 13 6
0.542440268771 13 7
0.402780131991 13 8
0.381810785994 13 9
0.286864952915 13 10
0.276770252285 13 11
0.254881989012 13 12
0.264158074415 13 13
-0.426614066171 13 14
-0.133993184442 13 15
0.0224804906448 13 16
0.112011773968 13 17
0.170197847957 13 18
0.211635325718 13 19
0.243040399239 13 20
0.553478162115 14 0
0.54487866086 14 1
0.532852316716 14 2
0.52965419044 14 3
0.530889334504 14 4
0.531957819034 14 5