0.716277199642 0 0
0.731852217069 0 1
0.746995961397 0 2
0.760354582924 0 3
0.769769218762 0 4
0.772134237469 0 5
0.76373096641 0 6
0.741620825013 0 7
0.70604619863 0 8
0.661819641637 0 9
0.616296522618 0 10
0.57547334801 0 11
0.562595360657 0 12
0.550437756291 0 13
0.539339588348 0 14
0.529443274409 0 15
0.520766259076 0 16
0.517457861813 0 17
0.514245562897 0 18
0.511214635957 0 19
0.508424128502 0 20
0.727476283299 1 0
0.746649888744 1 1
0.76642040465 1 2
0.78551507384 1 3
0.801508236591 1 4
0.810167219644 1 5
0.805107828191 1 6
0.779434151198 1 7
0.731349538939 1 8
0.669626078334 1 9
0.608856778989 1 10
0.577719457226 1 11
0.562369982625 1 12
0.548336882594 1 13
0.535913446584 1 14
0.525133644312 1 15
0.52128598078 1 16
0.517460963316 1 17
0.513796594662 1 18
0.510394666701 1 19
0.507318806295 1 20
0.736117853822 2 0
0.75880503055 2 1
0.783450833606 2 2
0.809224018099 2 3
0.834024509142 2 4
0.853127974855 2 5
0.856904888867 2 6
0.82992877112 2 7
0.761862124034 2 8
0.670004601764 2 9
0.598208366288 2 10
0.578411728424 2 11
0.560166229178 2 12
0.544185585278 2 13
0.530559347611 2 14
0.526165462153 2 15
0.521634976642 2 16
0.517188027999 2 17
0.513000160851 2 18
0.509189893983 2 19
0.448654131921 2 20
0.74092981472 3 0
0.766453798256 3 1
0.795364624247 3 2
0.827597670826 3 3
0.862209607742 3 4
0.89588122254 3 5
0.918430245402 3 6
0.901140476478 3 7
0.799187590105 3 8
0.648247117783 3 9
0.600951330177 3 10
0.576254907977 3 11
0.554876324024 3 12
0.537190397145 3 13
0.532365815911 3 14
0.527092879984 3 15
0.435958986227 3 16
0.437824395991 3 17
0.439168396399 3 18
0.44025244928 3 19
0.441252885081 3 20
0.740730022935 4 0
0.767723163463 4 1
0.799124254944 4 2
0.835582471993 4 3
0.877504434077 4 4
0.924471903195 4 5
0.973116565917 4 6
1.00038611087 4 7
0.845627072415 4 8
0.634731608454 4 9
0.599643743208 4 10
0.569071540471 4 11
0.373491113494 4 12
0.394993706908 4 13
0.409078996653 4 14
0.418048358435 4 15
0.532685609426 14 6
0.532763939844 14 7
0.41377535537 14 8
0.39441439851 14 9
0.378894932184 14 10
0.282389877795 14 11
0.2809206741 14 12
0.288357559707 14 13
-0.11941053764 14 14
-0.0431842615648 14 15
0.0477681001227 14 16
0.118231835632 14 17
0.170274794234 14 18
0.20957358174 14 19
0.240228797061 14 20
0.53893520843 15 0
0.529696261183 15 1
0.524634337307 15 2
0.525264069498 15 3
0.52565523858 15 4
0.525651670292 15 5
0.525005355394 15 6
0.523316901659 15 7
0.418921720902 15 8
0.400681032671 15 9
0.3832956066 15 10
0.307282869548 15 11
0.306413971551 15 12
0.309874658021 15 13
0.0394830560685 15 14
0.0547059560624 15 15
0.0974377286107 15 16
0.14291277786 15 17
0.182758522405 15 18
0.215907638985 15 19
0.243291351318 15 20
0.526693466413 16 0
0.522658928114 16 1
0.520884681613 16 2
0.520890064798 16 3
0.520524239451 16 4
0.519605473911 16 5
0.517866722425 16 6
0.514917867808 16 7
0.421814280367 16 8
0.405072098868 16 9
0.396013708649 16 10
0.330127108595 16 11
0.327587814847 16 12
0.328585164907 16 13
0.12958966851 16 14
0.128532426587 16 15
0.147298471331 16 16
0.174252156885 16 17
0.202179768196 16 18
0.228018712259 16 19
0.250903541189 16 20
0.52068818387 17 0
0.517453173086 17 1
0.517245743328 17 2
0.516714492523 17 3
0.515729316006 17 4
0.514111372899 17 5
0.511618064398 17 6
0.507929961026 17 7
0.424084963127 17 8
0.413767465709 17 9
0.408492063611 17 10
0.348552900794 17 11
0.345208607 17 12
0.344706682158 17 13
0.187954251993 17 14
0.182393572497 17 15
0.189932654924 17 16
0.205327072116 17 17
0.224028344421 17 18
0.243214366785 17 19
0.261475013441 17 20
0.515456252596 18 0
0.514418817659 18 1
0.513825915903 18 2
0.512865851576 18 3
0.511416681317 18 4
0.509321573383 18 5
0.506384946238 18 6
0.502376542181 18 7
0.429289321881 18 8
0.422988370366 18 9
0.418410756017 18 10
0.415666163712 18 11
0.359965383039 18 12
0.358570333427 18 13
0.229404074607 18 14
0.222753241113 18 15
0.224906858624 18 16
0.233417811474 18 17
0.245630215884 18 18
0.259470699451 18 19
0.273602200087 18 20
0.512194026671 19 0
0.511593602592 19 1
0.510696716892 19 2
0.509418347277 19 3
0.507653386348 19 4
0.50527572089 19 5
0.502141596045 19 6
0.5 19 7
0.435717565347 19 8
0.430448513326 19 9
0.426460894757 19 10
0.423850038949 19 11
0.372424302907 19 12
0.370516062166 19 13
0.260704064191 19 14
0.254036772646 19 15
0.253511090761 19 16
0.25792340854 19 17
0.265734287182 19 18
0.275534412229 19 19
0.286251210892 19 20
0.509838405734 20 0
0.509017632676 20 1
0.507895915676 20 2
0.506400536589 20 3
0.504446685952 20 4
0.501939843082 20 5
0.5 20 6
0.5 20 7
0.441074434901 20 8
0.436604219618 20 9
0.433111520699 20 10
0.430675805766 20 11
0.38303451676 20 12
0.380851311662 20 13
0.285356069126 20 14
0.279017132723 20 15
0.277126486822 20 16
0.279060403083 20 17
0.283910662022 20 18
0.290742019806 20 19
0.298752172027 20 20