0.34285714285714275 2 6
0.38235294117647056 3 6
0.11764705882352944 4 6
-0.02777777777777779 5 6
0.24242424242424243 2 7
0.21875 3 7
0.59375 4 7
0.08333333333333326 5 7
-0.050000000000000044 6 7
0.23529411764705888 2 8
0.05714285714285716 3 8
0.17142857142857149 4 8
0.48484848484848486 5 8
-0.07692307692307687 4 9
0.5 6 9
-0.19999999999999996 4 10
0.09677419354838701 5 10
0.5909090909090908 6 10
0.4285714285714286 7 10
0.17647058823529416 2 8
-0.02857142857142858 3 8
0.34285714285714275 4 8
0.303030303030303 5 8
0.16129032258064524 6 8
-0.15384615384615385 4 9
0.33333333333333326 5 9
1.1818181818181817 6 9
-0.050000000000000044 4 10
0.19354838709677424 5 10
0.9545454545454546 6 10
0.6190476190476191 7 10
1.1904761904761907 8 10
0.026315789473684292 3 11
-0.12195121951219512 4 11
0.032258064516129004 5 11
0.5 6 11
2.1052631578947367 8 11
0.2777777777777777 5 6
0.10526315789473695 6 6
-0.05405405405405406 7 6
0.1515151515151516 8 6
0.11111111111111116 5 7
0.0 6 7
0.10810810810810811 7 7
0.48571428571428577 8 7
0.2727272727272727 5 8
0.16129032258064524 6 8
0.8636363636363635 6 9
1.0 7 9
0.22580645161290325 5 10
1.0454545454545454 6 10
0.6190476190476191 7 10
1.1904761904761907 8 10
0.4545454545454546 6 11
0.894736842105263 8 11
-0.19148936170212771 4 1
0.0714285714285714 7 1
0.1499999999999999 2 2
0.0 5 3
-0.07499999999999996 7 3
0.37142857142857144 4 4
-0.19444444444444442 4 5
0.02857142857142847 2 6
0.13888888888888884 5 6
0.16216216216216206 7 6
0.2727272727272727 2 7
0.11428571428571432 3 8
0.09090909090909083 5 8
0.16129032258064524 6 8
0.5454545454545454 6 9
0.2857142857142858 2 10
0.9047619047619047 7 10
0.16129032258064524 5 11
0.11111111111111116 5 4
0.2777777777777777 4 5
0.38888888888888884 5 5
0.02777777777777768 6 5
0.17647058823529416 3 6
0.05882352941176472 4 6
0.11111111111111116 5 6
0.21052631578947367 6 6
0.3125 3 7
0.13888888888888884 5 7
-0.09999999999999998 6 7
-0.10810810810810811 7 7
0.1428571428571428 3 8
0.2571428571428571 4 8
0.1212121212121211 5 8
0.5161290322580645 6 8
-0.07692307692307687 4 9
0.30000000000000004 5 9
-0.06666666666666665 2 1
-0.09090909090909094 5 1
-0.04761904761904767 7 1
0.19999999999999996 3 2
0.02499999999999991 7 3
0.22857142857142865 4 4
0.13888888888888884 6 4
0.027027027027026973 2 5
0.08333333333333326 4 5
0.21621621621621623 7 6
0.1515151515151516 2 7
0.03125 4 7
-0.025000000000000022 6 7
0.1428571428571428 8 7
0.06451612903225801 6 8
0.9545454545454546 7 9
0.05714285714285716 2 10
0.16129032258064524 5 10
-0.0444444444444444 2 1
-0.06521739130434778 3 1
0.042553191489361764 4 1
-0.09090909090909094 5 1
0.04878048780487809 6 1
-0.1428571428571429 7 1
0.17500000000000004 2 2
0.07499999999999996 3 2
0.19512195121951215 4 2
0.02499999999999991 5 2
0.35897435897435903 6 2
-0.09756097560975607 7 2
0.05714285714285716 3 3
0.3142857142857143 4 3
0.16666666666666674 5 3
0.32432432432432434 6 3
0.19999999999999996 7 3
0.022727272727272707 8 3
-0.0444444444444444 2 1
-0.10869565217391308 3 1
0.042553191489361764 4 1
-0.06818181818181823 5 1
0.09756097560975618 6 1
0.050000000000000044 2 2
0.050000000000000044 3 2
0.2682926829268293 4 2
0.050000000000000044 5 2
0.19999999999999996 3 3
0.34285714285714275 4 3
0.16666666666666674 5 3
-0.027027027027026973 6 3
0.23529411764705888 3 6
-0.11111111111111116 5 7
0.34285714285714275 8 7
0.1499999999999999 4 10
0.6190476190476191 8 10
-0.024390243902439046 6 1
0.0 8 1
0.2195121951219512 4 2
0.22222222222222232 2 3
0.22222222222222232 5 3
-0.050000000000000044 7 3
0.36111111111111116 5 4
0.22222222222222232 3 5
0.11764705882352944 4 6
0.0 6 6
0.33333333333333326 2 7
0.08333333333333326 5 7
0.3142857142857143 8 7
0.1428571428571428 3 8
0.40909090909090917 6 9
0.10000000000000009 4 10
0.5238095238095237 7 10
0.17142857142857149 4 3
0.11111111111111116 5 3
0.3142857142857143 4 4
0.3055555555555556 5 4
0.08333333333333326 6 4
0.02777777777777768 4 5
-0.02777777777777779 5 5
0.13888888888888884 6 5
0.17647058823529416 3 6
0.2647058823529411 4 6
0.13157894736842102 6 6
0.3125 3 7
0.5625 4 7
-0.05555555555555558 5 7
-0.19999999999999996 6 7
0.18918918918918926 7 7
0.1428571428571428 4 8
-0.2727272727272727 5 8
-0.09677419354838712 6 8
